bbahry@ucsd.edu,1,2,0::0 0
dabaraja@ucsd.edu,1,2,0::1 2,2 2,3 2,4 2,5 0,5 1,5 2,6 0,6 1,6 2
adanakia@ucsd.edu,1,2,0::2 2,4 2,5 0,5 1,5 2,6 0,6 1,6 2
mjjones@ucsd.edu,1,2,0::0 2,1 0,1 2,2 2,3 0,3 2,4 2,5 0,5 1,5 2,6 0,6 1,6 2
cnmorse@ucsd.edu,1,2,0::0 2,2 2,4 0,4 1,4 2,5 0,5 1,5 2,6 0,6 1,6 2
jsnyder@ucsd.edu,1,2,0::0 0,0 1,0 2,2 0,2 1,2 2,4 2,5 0,5 1,5 2,6 0,6 1,6 2
normanwu1990@ucsd.edu,1,2,0::0 0,0 2,2 2,4 0,4 1,4 2,5 0,5 1,5 2,6 0,6 1,6 2
nburbaum@ucsd.edu,1,2,0::2 0,4 0,4 1,5 0,5 2,6 0,6 2
k9cheng@ucsd.edu,1,2,0::0 2,1 1,2 0,2 1,3 1,4 1,5 0,5 1,5 2,6 0,6 1,6 2
edorman@ucsd.edu,1,2,0::0 0,1 1,2 0,3 1,4 0,5 0,5 2,6 0,6 2
evfung@ucsd.edu,1,2,0::0 0,1 1,2 0,3 1,4 1,5 0,5 2,6 0,6 2
leebrina@ucsd.edu,1,2,0::1 2,2 0,2 2,3 0,3 1,3 2,5 0,5 2,6 0,6 2
klwin@ucsd.edu,1,2,0::1 0,1 1,1 2,2 0,2 2,3 0,3 1,5 0,5 2,6 0,6 2
nacollin@ucsd.edu,0,1,2::0 2,1 2,2 0,3 2,4 0,4 1
jnk003@ucsd.edu,0,1,2::0 0,0 2,1 0,1 2,2 0,2 2,3 0,3 2,4 0,4 2
mnn008@ucsd.edu,0,1,2::0 0,0 2,2 0
tdn016@ucsd.edu,0,1,2::0 2,1 2,2 0,2 2,3 2,4 0,6 2
phtsui@ucsd.edu,0,1,2::0 2,1 1,1 2,2 0,2 2,3 1,3 2,4 0
y6fang@ucsd.edu,2,3,1::0 1,0 2,2 1,2 2,4 2,5 0,5 1,5 2,6 0,6 1,6 2
bliu@ucsd.edu,2,3,1::1 1,2 1,2 2,3 1,5 0,5 1,5 2,6 0,6 1,6 2
t1ma@ucsd.edu,2,3,1::1 0,2 2,3 2,5 0,5 1,5 2,6 0,6 1,6 2
jsamarin@ucsd.edu,2,3,1::0 0,1 1,2 0,2 2,3 1,4 0,4 1,4 2,5 0,5 1,5 2,6 0,6 1,6 2
j6shih@ucsd.edu,2,3,1::0 2,2 2,3 1,4 2,5 0,5 1,5 2,6 0,6 1,6 2
zxiao@ucsd.edu,2,3,1::1 0,2 2,3 0,3 1,3 2,5 0,5 1,5 2,6 0,6 1,6 2
egrigore@ucsd.edu,2,3,1::0 1,1 1,1 2,3 1,3 2,4 1,4 2,5 1,6 1
t1liang@ucsd.edu,2,3,1::1 2,3 2,4 1,4 2,5 1,6 1
sshaginy@ucsd.edu,2,3,1::1 2,3 0,3 1,3 2,4 1,4 2,5 0,5 1,6 0,6 1
rweald@ucsd.edu,2,3,1::0 0,0 1,1 2,2 0,2 1,3 2,4 0,4 1,4 2,5 1,6 1
k2fung@ucsd.edu,2,3,1::
sbotros@ucsd.edu,0,2,1::0 2,2 0,2 2,5 1,6 0,6 1,6 2
jhl050@ucsd.edu,0,2,1::0 0,0 2,1 0,2 0,2 2,3 0,4 0,5 1,6 0,6 1,6 2
atschwar@ucsd.edu,0,2,1::0 1,1 0,2 0,2 1,3 0,4 0,5 1,6 0,6 1,6 2
jyick@ucsd.edu,0,2,1::0 0,1 2,2 0,4 1,4 2,5 0,5 1,5 2,6 0,6 1,6 2
